Populating Dictionaries
Reading aligned sequence >Q9K7R1/35-156

Reading aligned sequence >Q9K7R0/35-156

Reading aligned sequence >Q9K7R1/380-501

Reading aligned sequence >Q9K7R1/709-830

Reading aligned sequence >Q929I6/361-485

Reading aligned sequence >Q9K7R1/872-994

Reading aligned sequence >Q929I5/29-148

Reading aligned sequence >16411656/29-14

Reading aligned sequence >Q929I6/184-307

Reading aligned sequence >Q929I6/34-173

Reading aligned sequence >Q9K7R1/231-354

Reading aligned sequence >18143877/429-5

Reading aligned sequence >Q99UX3/27-150

Reading aligned sequence >18143877/248-3

Reading aligned sequence >Q9KW67/62-184

Reading aligned sequence >18143878/33-16

Reading aligned sequence >18143877/589-7

Reading aligned sequence >Q99UX5/341-458

Reading aligned sequence >Q99TD3/345-471

Reading aligned sequence >Q99UX5/144-269

Reading aligned sequence >Q99YA0/369-501

Reading aligned sequence >Q99YA0/976-112

Reading aligned sequence >Q99TD3/105-232

Reading aligned sequence >Q99TD3/543-660

Reading aligned sequence >18143877/45-17

Reading aligned sequence >Q9X358/1-82


Counting amino acid occurrences:
(A,168)(B,0)(C,0)(D,269)(E,201)(F,130)(G,161)(H,54)(I,170)(K,271)(L,193)(M,74)(N,221)(P,99)(Q,102)(R,81)(S,205)(T,253)(U,0)(V,306)(W,26)(X,0)(Y,170)(Z,0)
Total Amino Acids: 3154

Counting pair occurrences:
      A       B       C       D       E       F       G       H       I       K       L       M       N       P       Q       R       S       T       U       V       W       X       Y       Z    
A   348     0       0       246     190     70      152     57      163     258     90      138     203     113     64      86      286     194     0       334     7       0       100     0      
B   0       0       0       0       0       0       0       0       0       0       0       0       0       0       0       0       0       0       0       0       0       0       0       0      
C   0       0       0       0       0       0       0       0       0       0       0       0       0       0       0       0       0       0       0       0       0       0       0       0      
D   246     0       0       634     397     122     387     124     100     508     156     69      884     195     169     112     387     324     0       165     20      0       105     0      
E   190     0       0       397     229     49      173     53      124     449     108     72      291     158     197     119     353     402     0       253     18      0       173     0      
F   70      0       0       122     49      459     36      39      129     89      240     87      102     23      35      14      87      140     0       229     84      0       269     0      
G   152     0       0       387     173     36      398     71      42      242     112     27      381     47      101     19      164     174     0       129     4       0       46      0      
H   57      0       0       124     53      39      71      70      11      219     49      46      113     13      47      20      68      62      0       31      3       0       59      0      
I   163     0       0       100     124     129     42      11      303     178     431     77      61      77      39      102     145     304     0       813     72      0       150     0      
K   258     0       0       508     449     89      242     219     178     568     213     39      394     162     280     195     258     520     0       289     27      0       229     0      
L   90      0       0       156     108     240     112     49      431     213     508     110     108     58      104     27      137     260     0       569     44      0       194     0      
M   138     0       0       69      72      87      27      46      77      39      110     123     31      36      26      16      68      59      0       250     21      0       62      0      
N   203     0       0       884     291     102     381     113     61      394     108     31      432     94      141     80      285     312     0       108     3       0       91      0      
P   113     0       0       195     158     23      47      13      77      162     58      36      94      251     24      51      138     175     0       64      1       0       58      0      
Q   64      0       0       169     197     35      101     47      39      280     104     26      141     24      88      101     163     219     0       112     17      0       114     0      
R   86      0       0       112     119     14      19      20      102     195     27      16      80      51      101     206     71      95      0       32      12      0       57      0      
S   286     0       0       387     353     87      164     68      145     258     137     68      285     138     163     71      571     342     0       166     12      0       153     0      
T   194     0       0       324     402     140     174     62      304     520     260     59      312     175     219     95      342     488     0       498     51      0       303     0      
U   0       0       0       0       0       0       0       0       0       0       0       0       0       0       0       0       0       0       0       0       0       0       0       0      
V   334     0       0       165     253     229     129     31      813     289     569     250     108     64      112     32      166     498     0       1085    18      0       290     0      
W   7       0       0       20      18      84      4       3       72      27      44      21      3       1       17      12      12      51      0       18      60      0       54      0      
X   0       0       0       0       0       0       0       0       0       0       0       0       0       0       0       0       0       0       0       0       0       0       0       0      
Y   100     0       0       105     173     269     46      59      150     229     194     62      91      58      114     57      153     303     0       290     54      0       604     0      
Z   0       0       0       0       0       0       0       0       0       0       0       0       0       0       0       0       0       0       0       0       0       0       0       0      
Total pairs:33035

Calculating amino Acid Probabilities:
(A,0.053)(B,0.000)(C,0.000)(D,0.085)(E,0.064)(F,0.041)(G,0.051)(H,0.017)(I,0.054)(K,0.086)(L,0.061)(M,0.023)(N,0.070)(P,0.031)(Q,0.032)(R,0.026)(S,0.065)(T,0.080)(U,0.000)(V,0.097)(W,0.008)(X,0.000)(Y,0.054)(Z,0.000)


Calculating pair probabilities:
      A       B       C       D       E       F       G       H       I       K       L       M       N       P       Q       R       S       T       U       V       W       X       Y       Z    
A   0.011   0.000   0.000   0.007   0.006   0.002   0.005   0.002   0.005   0.008   0.003   0.004   0.006   0.003   0.002   0.003   0.009   0.006   0.000   0.010   0.000   0.000   0.003   0.000  
B   0.000   0.000   0.000   0.000   0.000   0.000   0.000   0.000   0.000   0.000   0.000   0.000   0.000   0.000   0.000   0.000   0.000   0.000   0.000   0.000   0.000   0.000   0.000   0.000  
C   0.000   0.000   0.000   0.000   0.000   0.000   0.000   0.000   0.000   0.000   0.000   0.000   0.000   0.000   0.000   0.000   0.000   0.000   0.000   0.000   0.000   0.000   0.000   0.000  
D   0.007   0.000   0.000   0.019   0.012   0.004   0.012   0.004   0.003   0.015   0.005   0.002   0.027   0.006   0.005   0.003   0.012   0.010   0.000   0.005   0.001   0.000   0.003   0.000  
E   0.006   0.000   0.000   0.012   0.007   0.001   0.005   0.002   0.004   0.014   0.003   0.002   0.009   0.005   0.006   0.004   0.011   0.012   0.000   0.008   0.001   0.000   0.005   0.000  
F   0.002   0.000   0.000   0.004   0.001   0.014   0.001   0.001   0.004   0.003   0.007   0.003   0.003   0.001   0.001   0.000   0.003   0.004   0.000   0.007   0.003   0.000   0.008   0.000  
G   0.005   0.000   0.000   0.012   0.005   0.001   0.012   0.002   0.001   0.007   0.003   0.001   0.012   0.001   0.003   0.001   0.005   0.005   0.000   0.004   0.000   0.000   0.001   0.000  
H   0.002   0.000   0.000   0.004   0.002   0.001   0.002   0.002   0.000   0.007   0.001   0.001   0.003   0.000   0.001   0.001   0.002   0.002   0.000   0.001   0.000   0.000   0.002   0.000  
I   0.005   0.000   0.000   0.003   0.004   0.004   0.001   0.000   0.009   0.005   0.013   0.002   0.002   0.002   0.001   0.003   0.004   0.009   0.000   0.025   0.002   0.000   0.005   0.000  
K   0.008   0.000   0.000   0.015   0.014   0.003   0.007   0.007   0.005   0.017   0.006   0.001   0.012   0.005   0.008   0.006   0.008   0.016   0.000   0.009   0.001   0.000   0.007   0.000  
L   0.003   0.000   0.000   0.005   0.003   0.007   0.003   0.001   0.013   0.006   0.015   0.003   0.003   0.002   0.003   0.001   0.004   0.008   0.000   0.017   0.001   0.000   0.006   0.000  
M   0.004   0.000   0.000   0.002   0.002   0.003   0.001   0.001   0.002   0.001   0.003   0.004   0.001   0.001   0.001   0.000   0.002   0.002   0.000   0.008   0.001   0.000   0.002   0.000  
N   0.006   0.000   0.000   0.027   0.009   0.003   0.012   0.003   0.002   0.012   0.003   0.001   0.013   0.003   0.004   0.002   0.009   0.009   0.000   0.003   0.000   0.000   0.003   0.000  
P   0.003   0.000   0.000   0.006   0.005   0.001   0.001   0.000   0.002   0.005   0.002   0.001   0.003   0.008   0.001   0.002   0.004   0.005   0.000   0.002   0.000   0.000   0.002   0.000  
Q   0.002   0.000   0.000   0.005   0.006   0.001   0.003   0.001   0.001   0.008   0.003   0.001   0.004   0.001   0.003   0.003   0.005   0.007   0.000   0.003   0.001   0.000   0.003   0.000  
R   0.003   0.000   0.000   0.003   0.004   0.000   0.001   0.001   0.003   0.006   0.001   0.000   0.002   0.002   0.003   0.006   0.002   0.003   0.000   0.001   0.000   0.000   0.002   0.000  
S   0.009   0.000   0.000   0.012   0.011   0.003   0.005   0.002   0.004   0.008   0.004   0.002   0.009   0.004   0.005   0.002   0.017   0.010   0.000   0.005   0.000   0.000   0.005   0.000  
T   0.006   0.000   0.000   0.010   0.012   0.004   0.005   0.002   0.009   0.016   0.008   0.002   0.009   0.005   0.007   0.003   0.010   0.015   0.000   0.015   0.002   0.000   0.009   0.000  
U   0.000   0.000   0.000   0.000   0.000   0.000   0.000   0.000   0.000   0.000   0.000   0.000   0.000   0.000   0.000   0.000   0.000   0.000   0.000   0.000   0.000   0.000   0.000   0.000  
V   0.010   0.000   0.000   0.005   0.008   0.007   0.004   0.001   0.025   0.009   0.017   0.008   0.003   0.002   0.003   0.001   0.005   0.015   0.000   0.033   0.001   0.000   0.009   0.000  
W   0.000   0.000   0.000   0.001   0.001   0.003   0.000   0.000   0.002   0.001   0.001   0.001   0.000   0.000   0.001   0.000   0.000   0.002   0.000   0.001   0.002   0.000   0.002   0.000  
X   0.000   0.000   0.000   0.000   0.000   0.000   0.000   0.000   0.000   0.000   0.000   0.000   0.000   0.000   0.000   0.000   0.000   0.000   0.000   0.000   0.000   0.000   0.000   0.000  
Y   0.003   0.000   0.000   0.003   0.005   0.008   0.001   0.002   0.005   0.007   0.006   0.002   0.003   0.002   0.003   0.002   0.005   0.009   0.000   0.009   0.002   0.000   0.018   0.000  
Z   0.000   0.000   0.000   0.000   0.000   0.000   0.000   0.000   0.000   0.000   0.000   0.000   0.000   0.000   0.000   0.000   0.000   0.000   0.000   0.000   0.000   0.000   0.000   0.000  



Calculating matrix values: ( lg(p(A,B)/(p(A)p(B))) )
      A       B       C       D       E       F       G       H       I       K       L       M       N       P       Q       R       S       T       U       V       W       X       Y       Z    
A   1.893   0.000   0.000   0.713   0.761  -0.051   0.759   0.920   0.781   0.771  -0.259   1.741   0.719   1.033   0.169   0.928   1.322   0.459   0.000   0.968  -1.051   0.000   0.076   0.000  
B   0.000   0.000   0.000   0.000   0.000   0.000   0.000   0.000   0.000   0.000   0.000   0.000   0.000   0.000   0.000   0.000   0.000   0.000   0.000   0.000   0.000   0.000   0.000   0.000  
C   0.000   0.000   0.000   0.000   0.000   0.000   0.000   0.000   0.000   0.000   0.000   0.000   0.000   0.000   0.000   0.000   0.000   0.000   0.000   0.000   0.000   0.000   0.000   0.000  
D   0.713   0.000   0.000   1.400   1.145   0.071   1.428   1.362  -0.603   1.069  -0.144   0.062   2.163   1.141   0.891   0.630   1.079   0.520   0.000  -0.728  -0.216   0.000  -0.532   0.000  
E   0.761   0.000   0.000   1.145   0.771  -0.824   0.687   0.556   0.128   1.312  -0.254   0.544   0.980   1.258   1.533   1.138   1.367   1.251   0.000   0.309   0.053   0.000   0.608   0.000  
F  -0.051   0.000   0.000   0.071  -0.824   3.032  -0.949   0.742   0.814  -0.395   1.526   1.445   0.096  -0.894  -0.331  -1.321  -0.025   0.358   0.000   0.794   2.904   0.000   1.874   0.000  
G   0.759   0.000   0.000   1.428   0.687  -0.949   2.209   1.298  -1.114   0.740   0.118  -0.551   1.689  -0.171   0.889  -1.189   0.581   0.363   0.000  -0.343  -1.797   0.000  -0.983   0.000  
H   0.920   0.000   0.000   1.362   0.556   0.742   1.298   2.854  -1.471   2.172   0.502   1.793   1.512  -0.450   1.362   0.461   0.887   0.451   0.000  -0.824  -0.636   0.000   0.953   0.000  
I   0.781   0.000   0.000  -0.603   0.128   0.814  -1.114  -1.471   1.659   0.218   1.984   0.882  -1.032   0.462  -0.562   1.157   0.325   1.090   0.000   2.235   2.294   0.000   0.644   0.000  
K   0.771   0.000   0.000   1.069   1.312  -0.395   0.740   2.172   0.218   1.220   0.294  -0.772   0.986   0.863   1.609   1.420   0.484   1.191   0.000   0.070   0.207   0.000   0.582   0.000  
L  -0.259   0.000   0.000  -0.144  -0.254   1.526   0.118   0.502   1.984   0.294   2.038   1.214  -0.391  -0.130   0.670  -0.943   0.060   0.681   0.000   1.537   1.401   0.000   0.832   0.000  
M   1.741   0.000   0.000   0.062   0.544   1.445  -0.551   1.793   0.882  -0.772   1.214   2.758  -0.809   0.565   0.053  -0.315   0.433  -0.076   0.000   1.733   1.717   0.000   0.570   0.000  
N   0.719   0.000   0.000   2.163   0.980   0.096   1.689   1.512  -1.032   0.986  -0.391  -0.809   1.413   0.372   0.913   0.428   0.922   0.749   0.000  -1.056  -2.669   0.000  -0.455   0.000  
P   1.033   0.000   0.000   1.141   1.258  -0.894  -0.171  -0.450   0.462   0.863  -0.130   0.565   0.372   2.947  -0.483   0.937   1.034   1.073   0.000  -0.653  -3.096   0.000   0.053   0.000  
Q   0.169   0.000   0.000   0.891   1.533  -0.331   0.889   1.362  -0.562   1.609   0.670   0.053   0.913  -0.483   1.349   1.880   1.231   1.354   0.000   0.112   0.949   0.000   0.985   0.000  
R   0.928   0.000   0.000   0.630   1.138  -1.321  -1.189   0.461   1.157   1.420  -0.943  -0.315   0.428   0.937   1.880   3.241   0.365   0.481   0.000  -1.363   0.779   0.000   0.318   0.000  
S   1.322   0.000   0.000   1.079   1.367  -0.025   0.581   0.887   0.325   0.484   0.060   0.433   0.922   1.034   1.231   0.365   2.033   0.990   0.000  -0.328  -0.561   0.000   0.403   0.000  
T   0.459   0.000   0.000   0.520   1.251   0.358   0.363   0.451   1.090   1.191   0.681  -0.076   0.749   1.073   1.354   0.481   0.990   1.199   0.000   0.954   1.223   0.000   1.085   0.000  
U   0.000   0.000   0.000   0.000   0.000   0.000   0.000   0.000   0.000   0.000   0.000   0.000   0.000   0.000   0.000   0.000   0.000   0.000   0.000   0.000   0.000   0.000   0.000   0.000  
V   0.968   0.000   0.000  -0.728   0.309   0.794  -0.343  -0.824   2.235   0.070   1.537   1.733  -1.056  -0.653   0.112  -1.363  -0.328   0.954   0.000   1.803  -0.554   0.000   0.747   0.000  
W  -1.051   0.000   0.000  -0.216   0.053   2.904  -1.797  -0.636   2.294   0.207   1.401   1.717  -2.669  -3.096   0.949   0.779  -0.561   1.223   0.000  -0.554   4.740   0.000   1.879   0.000  
X   0.000   0.000   0.000   0.000   0.000   0.000   0.000   0.000   0.000   0.000   0.000   0.000   0.000   0.000   0.000   0.000   0.000   0.000   0.000   0.000   0.000   0.000   0.000   0.000  
Y   0.076   0.000   0.000  -0.532   0.608   1.874  -0.983   0.953   0.644   0.582   0.832   0.570  -0.455   0.053   0.985   0.318   0.403   1.085   0.000   0.747   1.879   0.000   2.654   0.000  
Z   0.000   0.000   0.000   0.000   0.000   0.000   0.000   0.000   0.000   0.000   0.000   0.000   0.000   0.000   0.000   0.000   0.000   0.000   0.000   0.000   0.000   0.000   0.000   0.000  


Result substitution matrix output to file "output2"
Have a nice day!