      A       B       C       D       E       F       G       H       I       K       L       M       N       P       Q       R       S       T       U       V       W       X       Y       Z    
A   1.426   0.000   2.015   0.604   1.099   0.291   0.711   0.249   0.150   1.098  -0.024   0.650   0.778   0.350   1.071   0.905   1.392   1.013   0.000   0.962   0.220   0.000   0.102   0.000  
B   0.000   0.000   0.000   0.000   0.000   0.000   0.000   0.000   0.000   0.000   0.000   0.000   0.000   0.000   0.000   0.000   0.000   0.000   0.000   0.000   0.000   0.000   0.000   0.000  
C   2.015   0.000   3.702  -0.237  -0.896   0.933   0.279   1.865   0.705   0.232   0.331   0.982   0.599  -1.396  -0.477   0.466   1.110   1.904   0.000   1.693   1.705   0.000   0.533   0.000  
D   0.604   0.000  -0.237   2.086   1.784  -1.143   0.629   0.859  -1.414   0.973  -1.406  -0.954   1.647   1.141   1.115   0.712   1.376   0.701   0.000  -0.558  -1.073   0.000  -0.672   0.000  
E   1.099   0.000  -0.896   1.784   1.578  -1.214  -0.025   0.796  -0.594   1.497  -0.588  -0.305   1.144   0.775   1.544   1.064   0.997   0.587   0.000  -0.197  -0.397   0.000  -0.356   0.000  
F   0.291   0.000   0.933  -1.143  -1.214   2.784  -0.660   0.770   1.461  -0.269   1.778   1.385  -0.490   0.008  -0.027  -0.043  -0.246   0.172   0.000   1.471   2.408   0.000   2.407   0.000  
G   0.711   0.000   0.279   0.629  -0.025  -0.660   3.097   0.443  -1.328   0.157  -1.436  -0.460   0.878   0.457   0.017   0.201   1.237   0.591   0.000  -0.832  -0.287   0.000  -0.191   0.000  
H   0.249   0.000   1.865   0.859   0.796   0.770   0.443   3.293  -0.152   1.191  -0.196   0.633   1.393   0.112   0.928   1.476   0.957   0.604   0.000   0.179   1.117   0.000   1.666   0.000  
I   0.150   0.000   0.705  -1.414  -0.594   1.461  -1.328  -0.152   1.992  -0.060   1.991   1.761  -0.703  -0.492  -0.010   0.138  -0.508   0.343   0.000   2.239   1.260   0.000   0.838   0.000  
K   1.098   0.000   0.232   0.973   1.497  -0.269   0.157   1.191  -0.060   1.348  -0.106   0.277   1.303   0.511   1.435   1.939   0.850   0.699   0.000   0.131   0.702   0.000   0.617   0.000  
L  -0.024   0.000   0.331  -1.406  -0.588   1.778  -1.436  -0.196   1.991  -0.106   1.675   1.947  -0.782  -0.917   0.160   0.200  -0.657   0.219   0.000   1.705   1.662   0.000   1.039   0.000  
M   0.650   0.000   0.982  -0.954  -0.305   1.385  -0.460   0.633   1.761   0.277   1.947   2.418   0.219  -0.670   0.619   0.650   0.387   0.413   0.000   1.608   2.369   0.000   0.861   0.000  
N   0.778   0.000   0.599   1.647   1.144  -0.490   0.878   1.393  -0.703   1.303  -0.782   0.219   1.918   0.476   1.201   1.162   1.478   0.907   0.000  -0.203  -0.546   0.000  -0.119   0.000  
P   0.350   0.000  -1.396   1.141   0.775   0.008   0.457   0.112  -0.492   0.511  -0.917  -0.670   0.476   3.378   0.117   0.016   0.647   0.685   0.000   0.137  -0.643   0.000  -0.390   0.000  
Q   1.071   0.000  -0.477   1.115   1.544  -0.027   0.017   0.928  -0.010   1.435   0.160   0.619   1.201   0.117   1.931   1.425   0.858   0.612   0.000   0.193   0.574   0.000   0.319   0.000  
R   0.905   0.000   0.466   0.712   1.064  -0.043   0.201   1.476   0.138   1.939   0.200   0.650   1.162   0.016   1.425   1.881   1.106   0.522   0.000   0.075   1.037   0.000   0.782   0.000  
S   1.392   0.000   1.110   1.376   0.997  -0.246   1.237   0.957  -0.508   0.850  -0.657   0.387   1.478   0.647   0.858   1.106   1.375   1.485   0.000   0.085  -0.275   0.000   0.127   0.000  
T   1.013   0.000   1.904   0.701   0.587   0.172   0.591   0.604   0.343   0.699   0.219   0.413   0.907   0.685   0.612   0.522   1.485   1.955   0.000   0.884   0.307   0.000   0.210   0.000  
U   0.000   0.000   0.000   0.000   0.000   0.000   0.000   0.000   0.000   0.000   0.000   0.000   0.000   0.000   0.000   0.000   0.000   0.000   0.000   0.000   0.000   0.000   0.000   0.000  
V   0.962   0.000   1.693  -0.558  -0.197   1.471  -0.832   0.179   2.239   0.131   1.705   1.608  -0.203   0.137   0.193   0.075   0.085   0.884   0.000   1.435   0.917   0.000   1.104   0.000  
W   0.220   0.000   1.705  -1.073  -0.397   2.408  -0.287   1.117   1.260   0.702   1.662   2.369  -0.546  -0.643   0.574   1.037  -0.275   0.307   0.000   0.917   4.202   0.000   2.206   0.000  
X   0.000   0.000   0.000   0.000   0.000   0.000   0.000   0.000   0.000   0.000   0.000   0.000   0.000   0.000   0.000   0.000   0.000   0.000   0.000   0.000   0.000   0.000   0.000   0.000  
Y   0.102   0.000   0.533  -0.672  -0.356   2.407  -0.191   1.666   0.838   0.617   1.039   0.861  -0.119  -0.390   0.319   0.782   0.127   0.210   0.000   1.104   2.206   0.000   3.227   0.000  
Z   0.000   0.000   0.000   0.000   0.000   0.000   0.000   0.000   0.000   0.000   0.000   0.000   0.000   0.000   0.000   0.000   0.000   0.000   0.000   0.000   0.000   0.000   0.000   0.000  
