      A       B       C       D       E       F       G       H       I       K       L       M       N       P       Q       R       S       T       U       V       W       X       Y       Z    
A   1.061   0.000   2.027   0.587   0.939   0.525   1.176   0.543   0.659   1.105   0.648   0.780   0.564   0.565   1.033   0.938   1.101   1.002   0.000   1.063   0.355   0.000   1.080   0.000  
B   0.000   0.000   0.000   0.000   0.000   0.000   0.000   0.000   0.000   0.000   0.000   0.000   0.000   0.000   0.000   0.000   0.000   0.000   0.000   0.000   0.000   0.000   0.000   0.000  
C   2.027   0.000   2.044  -0.361   0.242   1.355   1.369   0.027   1.118   0.395   0.885   0.718  -0.195   0.194   0.112   0.477   1.135   1.498   0.000   1.549   0.381   0.000   1.126   0.000  
D   0.587   0.000  -0.361   1.851   1.829  -0.413   0.999   0.822  -0.508   1.059  -0.379  -0.012   1.733   0.156   1.380   0.927   0.975   0.733   0.000  -0.658   0.695   0.000   0.078   0.000  
E   0.939   0.000   0.242   1.829   1.148   0.468   0.667   1.275   0.116   1.209   0.193   0.452   1.268   0.677   1.393   0.776   0.713   0.744   0.000  -0.032   1.033   0.000   0.938   0.000  
F   0.525   0.000   1.355  -0.413   0.468   2.437   0.072   1.141   1.248   0.019   1.403   1.531  -0.010   0.525   0.183  -0.225   0.547   0.648   0.000   0.949   0.755   0.000   2.004   0.000  
G   1.176   0.000   1.369   0.999   0.667   0.072   1.952   0.773  -0.233   0.730  -0.048   0.320   0.982   0.611   0.927   0.879   0.862   0.853   0.000   0.588   0.411   0.000   0.999   0.000  
H   0.543   0.000   0.027   0.822   1.275   1.141   0.773   1.829   0.033   1.296   0.428   0.661   1.627   0.301   1.139   1.509   1.181   0.892   0.000  -0.089   1.204   0.000   1.162   0.000  
I   0.659   0.000   1.118  -0.508   0.116   1.248  -0.233   0.033   1.495  -0.182   2.049   1.677  -0.381  -0.354   0.083   0.028   0.121   0.394   0.000   2.164   0.583   0.000   0.718   0.000  
K   1.105   0.000   0.395   1.059   1.209   0.019   0.730   1.296  -0.182   0.889   0.112   0.054   1.571   0.771   1.335   1.442   1.080   1.060   0.000  -0.164   0.942   0.000   0.862   0.000  
L   0.648   0.000   0.885  -0.379   0.193   1.403  -0.048   0.428   2.049   0.112   1.274   2.107  -0.015   0.227   0.560   0.306   0.398   0.408   0.000   1.675   0.650   0.000   0.891   0.000  
M   0.780   0.000   0.718  -0.012   0.452   1.531   0.320   0.661   1.677   0.054   2.107   1.552   0.275   0.499   1.013   0.401   0.629   0.499   0.000   1.432   0.634   0.000   1.256   0.000  
N   0.564   0.000  -0.195   1.733   1.268  -0.010   0.982   1.627  -0.381   1.571  -0.015   0.275   1.434   0.382   1.364   1.262   1.131   0.985   0.000  -0.536   0.763   0.000   0.578   0.000  
P   0.565   0.000   0.194   0.156   0.677   0.525   0.611   0.301  -0.354   0.771   0.227   0.499   0.382   3.220   0.926   0.192   0.415   0.036   0.000  -0.090   1.243   0.000   0.788   0.000  
Q   1.033   0.000   0.112   1.380   1.393   0.183   0.927   1.139   0.083   1.335   0.560   1.013   1.364   0.926   0.788   1.165   1.184   0.761   0.000  -0.004   1.253   0.000   1.128   0.000  
R   0.938   0.000   0.477   0.927   0.776  -0.225   0.879   1.509   0.028   1.442   0.306   0.401   1.262   0.192   1.165   1.638   1.043   0.854   0.000  -0.017   1.054   0.000   0.585   0.000  
S   1.101   0.000   1.135   0.975   0.713   0.547   0.862   1.181   0.121   1.080   0.398   0.629   1.131   0.415   1.184   1.043   1.309   1.580   0.000   0.088   0.690   0.000   1.073   0.000  
T   1.002   0.000   1.498   0.733   0.744   0.648   0.853   0.892   0.394   1.060   0.408   0.499   0.985   0.036   0.761   0.854   1.580   1.446   0.000   0.522   0.320   0.000   1.109   0.000  
U   0.000   0.000   0.000   0.000   0.000   0.000   0.000   0.000   0.000   0.000   0.000   0.000   0.000   0.000   0.000   0.000   0.000   0.000   0.000   0.000   0.000   0.000   0.000   0.000  
V   1.063   0.000   1.549  -0.658  -0.032   0.949   0.588  -0.089   2.164  -0.164   1.675   1.432  -0.536  -0.090  -0.004  -0.017   0.088   0.522   0.000   1.529   0.813   0.000   0.643   0.000  
W   0.355   0.000   0.381   0.695   1.033   0.755   0.411   1.204   0.583   0.942   0.650   0.634   0.763   1.243   1.253   1.054   0.690   0.320   0.000   0.813   4.035   0.000   2.050   0.000  
X   0.000   0.000   0.000   0.000   0.000   0.000   0.000   0.000   0.000   0.000   0.000   0.000   0.000   0.000   0.000   0.000   0.000   0.000   0.000   0.000   0.000   0.000   0.000   0.000  
Y   1.080   0.000   1.126   0.078   0.938   2.004   0.999   1.162   0.718   0.862   0.891   1.256   0.578   0.788   1.128   0.585   1.073   1.109   0.000   0.643   2.050   0.000   2.016   0.000  
Z   0.000   0.000   0.000   0.000   0.000   0.000   0.000   0.000   0.000   0.000   0.000   0.000   0.000   0.000   0.000   0.000   0.000   0.000   0.000   0.000   0.000   0.000   0.000   0.000  
