      A       B       C       D       E       F       G       H       I       K       L       M       N       P       Q       R       S       T       U       V       W       X       Y       Z    
A   1.893   0.000   0.000   0.713   0.761  -0.051   0.759   0.920   0.781   0.771  -0.259   1.741   0.719   1.033   0.169   0.928   1.322   0.459   0.000   0.968  -1.051   0.000   0.076   0.000  
B   0.000   0.000   0.000   0.000   0.000   0.000   0.000   0.000   0.000   0.000   0.000   0.000   0.000   0.000   0.000   0.000   0.000   0.000   0.000   0.000   0.000   0.000   0.000   0.000  
C   0.000   0.000   0.000   0.000   0.000   0.000   0.000   0.000   0.000   0.000   0.000   0.000   0.000   0.000   0.000   0.000   0.000   0.000   0.000   0.000   0.000   0.000   0.000   0.000  
D   0.713   0.000   0.000   1.400   1.145   0.071   1.428   1.362  -0.603   1.069  -0.144   0.062   2.163   1.141   0.891   0.630   1.079   0.520   0.000  -0.728  -0.216   0.000  -0.532   0.000  
E   0.761   0.000   0.000   1.145   0.771  -0.824   0.687   0.556   0.128   1.312  -0.254   0.544   0.980   1.258   1.533   1.138   1.367   1.251   0.000   0.309   0.053   0.000   0.608   0.000  
F  -0.051   0.000   0.000   0.071  -0.824   3.032  -0.949   0.742   0.814  -0.395   1.526   1.445   0.096  -0.894  -0.331  -1.321  -0.025   0.358   0.000   0.794   2.904   0.000   1.874   0.000  
G   0.759   0.000   0.000   1.428   0.687  -0.949   2.209   1.298  -1.114   0.740   0.118  -0.551   1.689  -0.171   0.889  -1.189   0.581   0.363   0.000  -0.343  -1.797   0.000  -0.983   0.000  
H   0.920   0.000   0.000   1.362   0.556   0.742   1.298   2.854  -1.471   2.172   0.502   1.793   1.512  -0.450   1.362   0.461   0.887   0.451   0.000  -0.824  -0.636   0.000   0.953   0.000  
I   0.781   0.000   0.000  -0.603   0.128   0.814  -1.114  -1.471   1.659   0.218   1.984   0.882  -1.032   0.462  -0.562   1.157   0.325   1.090   0.000   2.235   2.294   0.000   0.644   0.000  
K   0.771   0.000   0.000   1.069   1.312  -0.395   0.740   2.172   0.218   1.220   0.294  -0.772   0.986   0.863   1.609   1.420   0.484   1.191   0.000   0.070   0.207   0.000   0.582   0.000  
L  -0.259   0.000   0.000  -0.144  -0.254   1.526   0.118   0.502   1.984   0.294   2.038   1.214  -0.391  -0.130   0.670  -0.943   0.060   0.681   0.000   1.537   1.401   0.000   0.832   0.000  
M   1.741   0.000   0.000   0.062   0.544   1.445  -0.551   1.793   0.882  -0.772   1.214   2.758  -0.809   0.565   0.053  -0.315   0.433  -0.076   0.000   1.733   1.717   0.000   0.570   0.000  
N   0.719   0.000   0.000   2.163   0.980   0.096   1.689   1.512  -1.032   0.986  -0.391  -0.809   1.413   0.372   0.913   0.428   0.922   0.749   0.000  -1.056  -2.669   0.000  -0.455   0.000  
P   1.033   0.000   0.000   1.141   1.258  -0.894  -0.171  -0.450   0.462   0.863  -0.130   0.565   0.372   2.947  -0.483   0.937   1.034   1.073   0.000  -0.653  -3.096   0.000   0.053   0.000  
Q   0.169   0.000   0.000   0.891   1.533  -0.331   0.889   1.362  -0.562   1.609   0.670   0.053   0.913  -0.483   1.349   1.880   1.231   1.354   0.000   0.112   0.949   0.000   0.985   0.000  
R   0.928   0.000   0.000   0.630   1.138  -1.321  -1.189   0.461   1.157   1.420  -0.943  -0.315   0.428   0.937   1.880   3.241   0.365   0.481   0.000  -1.363   0.779   0.000   0.318   0.000  
S   1.322   0.000   0.000   1.079   1.367  -0.025   0.581   0.887   0.325   0.484   0.060   0.433   0.922   1.034   1.231   0.365   2.033   0.990   0.000  -0.328  -0.561   0.000   0.403   0.000  
T   0.459   0.000   0.000   0.520   1.251   0.358   0.363   0.451   1.090   1.191   0.681  -0.076   0.749   1.073   1.354   0.481   0.990   1.199   0.000   0.954   1.223   0.000   1.085   0.000  
U   0.000   0.000   0.000   0.000   0.000   0.000   0.000   0.000   0.000   0.000   0.000   0.000   0.000   0.000   0.000   0.000   0.000   0.000   0.000   0.000   0.000   0.000   0.000   0.000  
V   0.968   0.000   0.000  -0.728   0.309   0.794  -0.343  -0.824   2.235   0.070   1.537   1.733  -1.056  -0.653   0.112  -1.363  -0.328   0.954   0.000   1.803  -0.554   0.000   0.747   0.000  
W  -1.051   0.000   0.000  -0.216   0.053   2.904  -1.797  -0.636   2.294   0.207   1.401   1.717  -2.669  -3.096   0.949   0.779  -0.561   1.223   0.000  -0.554   4.740   0.000   1.879   0.000  
X   0.000   0.000   0.000   0.000   0.000   0.000   0.000   0.000   0.000   0.000   0.000   0.000   0.000   0.000   0.000   0.000   0.000   0.000   0.000   0.000   0.000   0.000   0.000   0.000  
Y   0.076   0.000   0.000  -0.532   0.608   1.874  -0.983   0.953   0.644   0.582   0.832   0.570  -0.455   0.053   0.985   0.318   0.403   1.085   0.000   0.747   1.879   0.000   2.654   0.000  
Z   0.000   0.000   0.000   0.000   0.000   0.000   0.000   0.000   0.000   0.000   0.000   0.000   0.000   0.000   0.000   0.000   0.000   0.000   0.000   0.000   0.000   0.000   0.000   0.000  
