      A       B       C       D       E       F       G       H       I       K       L       M       N       P       Q       R       S       T       U       V       W       X       Y       Z    
A   2.981   0.000   0.000   0.021   0.643   0.000   0.820   0.000   1.758   0.000   0.000   0.000   0.000   0.643   1.643  -0.657   1.578   0.000   0.000   3.758   0.000   0.000   0.000   0.000  
B   0.000   0.000   0.000   0.000   0.000   0.000   0.000   0.000   0.000   0.000   0.000   0.000   0.000   0.000   0.000   0.000   0.000   0.000   0.000   0.000   0.000   0.000   0.000   0.000  
C   0.000   0.000   0.000   0.000   0.000   0.000   0.000   0.000   0.000   0.000   0.000   0.000   0.000   0.000   0.000   0.000   0.000   0.000   0.000   0.000   0.000   0.000   0.000   0.000  
D   0.021   0.000   0.000   2.454   3.298   0.000   0.253   1.191   0.000   0.000   0.076   0.000   0.969   0.000   0.000   1.776   2.104   0.776   0.000   0.000   0.000   0.000   0.000   0.000  
E   0.643   0.000   0.000   3.298   3.505   0.000  -0.126   1.813   0.000   0.000  -1.888   0.000  -0.995   0.112   1.112   1.398  -1.275  -1.187   0.000   0.000   0.000   0.000   0.228   0.000  
F   0.000   0.000   0.000   0.000   0.000   3.508   0.000   0.000   1.426  -0.943   1.426   0.000   0.000   0.000   0.310  -1.574   0.000   0.000   0.000   0.000   0.000   0.000   0.000   0.000  
G   0.820   0.000   0.000   0.253  -0.126   0.000   3.299  -0.010  -1.595   0.000   0.000   0.000   0.182  -0.711   0.289   0.000  -2.098  -2.010   0.000  -0.180   0.000   0.000   0.000   0.000  
H   0.000   0.000   0.000   1.191   1.813   0.000  -0.010   0.000   0.928   0.000   0.000   0.000   2.291   1.813   3.620   3.321   0.000   0.000   0.000   2.343   0.000   0.000   1.928   0.000  
I   1.758   0.000   0.000   0.000   0.000   1.426  -1.595   0.928   3.250   0.000   1.550   2.151   0.706   0.000   0.000   0.000   0.000   0.000   0.000   2.758   0.000   0.000   0.000   0.000  
K   0.000   0.000   0.000   0.000   0.000  -0.943   0.000   0.000   0.000   2.097   0.000  -0.441   0.337   0.000   1.029   2.018   0.057   1.466   0.000   0.000   0.000   0.000   0.000   0.000  
L   0.000   0.000   0.000   0.076  -1.888   1.426   0.000   0.000   1.550   0.000   2.995   0.228   0.000  -1.888   0.000   0.000   0.310   0.000   0.000   1.813   0.000   0.000   0.000   0.000  
M   0.000   0.000   0.000   0.000   0.000   0.000   0.000   0.000   2.151  -0.441   0.228   4.151   0.000   0.000   0.000  -0.072   0.000  -0.072   0.000   1.343   0.000   0.000   0.000   0.000  
N   0.000   0.000   0.000   0.969  -0.995   0.000   0.182   2.291   0.706   0.337   0.000   0.000   3.853   0.000   0.000   0.000  -1.382  -0.294   0.000   2.121   0.000   0.000   0.000   0.000  
P   0.643   0.000   0.000   0.000   0.112   0.000  -0.711   1.813   0.000   0.000  -1.888   0.000   0.000   3.920   2.282  -0.187   1.310   0.000   0.000   0.000   0.000   0.000   0.228   0.000  
Q   1.643   0.000   0.000   0.000   1.112   0.310   0.289   3.620   0.000   1.029   0.000   0.000   0.000   2.282   3.019   2.135   0.000   0.000   0.000   0.000   0.000   0.000   1.228   0.000  
R  -0.657   0.000   0.000   1.776   1.398  -1.574   0.000   3.321   0.000   2.018   0.000  -0.072   0.000  -0.187   2.135   2.098   1.596   1.098   0.000   0.000   0.000   0.000  -0.072   0.000  
S   1.578   0.000   0.000   2.104  -1.275   0.000  -2.098   0.000   0.000   0.057   0.310   0.000  -1.382   1.310   0.000   1.596   3.039   0.011   0.000   0.000   0.000   0.000   0.000   0.000  
T   0.000   0.000   0.000   0.776  -1.187   0.000  -2.010   0.000   0.000   1.466   0.000  -0.072  -0.294   0.000   0.000   1.098   0.011   3.371   0.000   0.000   0.000   0.000   0.000   0.000  
U   0.000   0.000   0.000   0.000   0.000   0.000   0.000   0.000   0.000   0.000   0.000   0.000   0.000   0.000   0.000   0.000   0.000   0.000   0.000   0.000   0.000   0.000   0.000   0.000  
V   3.758   0.000   0.000   0.000   0.000   0.000  -0.180   2.343   2.758   0.000   1.813   1.343   2.121   0.000   0.000   0.000   0.000   0.000   0.000   2.981   0.000   0.000   0.000   0.000  
W   0.000   0.000   0.000   0.000   0.000   0.000   0.000   0.000   0.000   0.000   0.000   0.000   0.000   0.000   0.000   0.000   0.000   0.000   0.000   0.000   5.098   0.000   2.928   0.000  
X   0.000   0.000   0.000   0.000   0.000   0.000   0.000   0.000   0.000   0.000   0.000   0.000   0.000   0.000   0.000   0.000   0.000   0.000   0.000   0.000   0.000   0.000   0.000   0.000  
Y   0.000   0.000   0.000   0.000   0.228   0.000   0.000   1.928   0.000   0.000   0.000   0.000   0.000   0.228   1.228  -0.072   0.000   0.000   0.000   0.000   2.928   0.000   4.201   0.000  
Z   0.000   0.000   0.000   0.000   0.000   0.000   0.000   0.000   0.000   0.000   0.000   0.000   0.000   0.000   0.000   0.000   0.000   0.000   0.000   0.000   0.000   0.000   0.000   0.000  
